1
800
109.536000013
159
785
504
765
41
735
566
618
595
272
531
464
110
158
798
766
262
407
426
657
55
438
127
478
602
744
312
200
643
764
792
247
601
245
495
151
621
598
512
98
330
550
788
739
156
193
740
653
462
533
663
799
596
763
233
420
565
431
253
162
472
400
521
580
243
668
236
755
323
34
148
569
761
675
606
111
124
150
388
548
687
608
770
625
358
644
45
300
791
412
693
666
66
441
513
669
290
732
496
518
174
214
779
94
667
107
730
314
577
182
1
187
181
403
729
408
760
291
484
337
436
597
610
275
160
223
681
328
366
620
781
502
196
2
465
64
631
684
157
751
590
459
129
583
416
591
649
126
46
626
772
255
685
757
342
575
551
190
172
356
171
514
429
500
718
185
36
645
556
784
96
746
489
58
252
773
9
603
741
594
725
239
135
471
611
271
530
121
72
194
251
280
395
29
439
433
73
697
409
269
581
539
383
215
545
475
623
102
564
31
334
762
18
713
793
62
320
430
199
86
511
221
91
629
549
789
458
161
297
702
229
742
149
169
88
25
696
283
327
497
93
771
748
163
523
752
558
32
394
61
410
585
563
723
674
646
308
415
727
192
652
349
734
298
52
65
258
526
189
520
372
209
16
636
721
453
270
82
778
722
795
177
155
114
499
63
220
47
85
326
84
527
640
747
783
216
774
647
708
434
578
589
468
612
75
299
619
112
44
670
131
250
260
461
48
567
382
712
536
119
210
455
582
267
132
695
571
758
759
544
576
538
87
248
460
261
152
384
359
467
222
557
397
552
39
313
212
198
411
529
700
634
405
89
421
69
311
5
624
628
690
572
78
0
304
20
201
19
650
279
683
350
268
278
116
335
43
79
483
587
81
49
787
423
492
654
661
226
592
454
263
357
368
469
219
184
6
17
345
80
71
682
109
506
714
59
451
391
677
586
324
726
277
387
11
553
234
524
390
588
26
365
457
176
257
166
398
142
165
302
343
385
479
303
339
424
68
115
574
616
427
56
40
449
143
782
414
528
170
633
293
336
374
217
28
51
399
317
699
375
183
676
442
542
749
477
769
274
487
705
288
103
70
318
435
138
178
560
379
476
554
213
448
428
790
728
756
627
273
413
474
777
289
364
444
316
614
99
662
709
703
137
202
284
568
622
635
3
144
235
128
4
104
376
392
717
256
672
21
443
508
541
259
480
515
22
593
179
276
473
168
401
76
386
105
422
796
547
333
715
92
180
147
632
27
90
371
406
203
361
637
417
97
522
609
447
266
745
540
338
101
561
659
733
688
208
710
446
363
348
452
173
573
14
470
244
108
35
329
309
197
37
120
230
617
660
60
692
656
488
706
638
651
525
246
381
136
673
204
599
362
106
680
754
767
786
686
231
736
794
701
532
679
373
122
463
340
519
12
456
720
440
346
24
393
738
15
294
100
494
23
485
507
481
613
402
227
42
325
332
419
77
698
175
776
671
321
711
322
579
254
404
296
225
191
534
207
370
341
498
153
704
694
319
482
352
118
516
240
630
237
83
33
537
665
658
615
307
141
347
139
396
74
445
38
264
664
570
133
186
737
164
295
310
503
188
8
380
509
238
355
369
354
285
655
648
224
768
559
306
113
491
123
344
117
367
546
218
517
535
167
282
265
305
353
731
555
241
642
450
95
719
154
562
490
432
501
543
486
13
505
50
54
242
292
125
493
232
206
707
716
743
10
286
691
360
228
281
639
211
797
130
604
7
301
607
750
775
249
67
140
331
377
418
510
195
780
678
205
584
641
724
600
466
145
437
351
287
389
689
378
57
605
134
53
315
146
425
30
753
