1.0
0.677392630577
1.0
1.0
1.0
1.0
1.0
1.0
1.0
1.0
0.950980300903
1.0
1.0
1.0
1.0
1.0
1.0
1.0
1.0
0.544631631374
0.989318270683
1.0
1.0
1.0
1.0
1.0
1.0
1.0
1.0
1.0
0.091039648056
0.065094139576
0.0674556899071
0.0806136393547
0.0812641096115
0.0989271211624
0.0672555994987
0.101859998703
0.0790650296211
0.0751703119278
0.0717538881302
0.083816678524
0.0739971590042
0.0735889315605
0.0726656794548
0.122633450031
0.0797593998909
0.0827380299568
0.074032330513
0.0846583580971
0.0741477608681
0.0847026205063
0.0771076917648
0.110574028492
0.0739060807228
0.103999519348
0.0763698101044
0.0794979906082
0.0741065692902
0.0900503993034
0.115551900864
0.212064590454
0.317321579456
0.162424268723
0.220789561272
0.214358921051
0.133013949394
0.211190881729
0.283714931011
0.264690129757
0.131902041435
0.149099929333
0.332943129539
0.249192929268
0.24777629137
0.296669051647
0.161655831337
0.226545369625
0.184101238251
0.202388498783
0.154280431271
0.176757390499
0.165124461651
0.271222860813
0.109330620766
0.246899750233
0.382091259956
0.149513609409
0.214844689369
0.175828828812
0.096893029213
0.194698798656
0.140870981216
0.122354679108
0.214820067883
0.187340838909
0.170572068691
0.16840621233
0.215258479118
0.181335611343
0.194531641006
0.207973451614
0.18110902071
0.138666391373
0.192116470337
0.22561647892
0.14438243866
0.151716680527
0.142248089314
0.18365486145
0.149225840569
0.169442591667
0.195602931976
0.161676790714
0.214966328144
0.193973460197
0.172968299389
0.139129741192
0.173743569851
0.190700881481
0.22840512991
0.146432359219
0.175650210381
0.167216210365
0.18261248827
0.203441450596
0.205090959072
0.156329140663
0.166553931236
0.219033038616
0.166740801334
0.248233850002
0.151998229027
0.269457859993
0.142046179771
0.139596920013
0.161736688614
0.207675898075
0.19355880022
0.187653341293
0.177114758492
0.159084699154
0.197321708202
0.220549409389
0.211536941528
0.15464343071
0.235547740459
0.200675671101
0.170902130604
0.19841531992
0.188390510082
0.202448179722
0.146661739349
0.183213891983
0.224195039272
0.23498939991
0.197833490372
0.248658361435
0.161606810093
0.203467857838
0.20440515995
0.247487540245
0.125320179462
0.152602930069
0.161479249001
0.20696819067
0.217749381065
0.125360200405
0.129850940704
0.163316428661
0.22547711134
0.24291918993
0.149469609261
0.268356399536
0.130961420536
0.238950631618
0.148421051502
0.24737612009
0.179867320061
0.172080280781
0.189095640182
0.162262048721
0.211778299809
0.237555270195
0.146282651424
0.18259832859
0.189033949375
0.159307768345
0.172654922009
0.132599980831
0.200099270344
0.190038461685
0.201439800262
0.140457320213
0.173976519108
0.125914189816
0.209453678131
0.13237801075
0.258445711136
0.210819120407
0.182749800682
0.138365738392
0.171600420475
0.178239860535
0.21882338047
0.161502299309
0.18896584034
0.123429870605
0.223839879036
0.270463349819
0.313337299824
0.23771832943
0.20384488821
0.306320750713
0.135961990356
0.183083751202
0.246601920128
0.252720139027
0.41107708931
0.2701800704
0.271255719662
0.266760640144
0.19215307951
0.213690330982
0.203686351776
0.203450891972
0.188586959839
0.220883440971
0.198168148994
0.245071809292
0.213476688862
0.301690289974
0.229934260845
0.190487170219
0.243574361801
0.216638259888
0.274659478664
0.217462379932
0.228596069813
0.242065608501
1.0
0.903994801044
0.887560060024
0.616443419456
1.0
1.0
0.839365820885
1.0
0.385399091244
1.0
0.959742090702
0.867556419373
0.931480879784
0.777982771397
0.766001689434
1.0
0.99903470993
1.0
0.934646310806
0.917223250866
1.0
0.803909728527
0.994198200703
0.743214318752
1.0
1.0
1.0
1.0
0.765613520145
0.851032719612
1.0
1.0
1.0
1.0
1.0
1.0
1.0
1.0
1.0
1.0
1.0
1.0
1.0
1.0
1.0
1.0
1.0
1.0
1.0
1.0
1.0
1.0
1.0
1.0
1.0
1.0
1.0
0.897050850391
1.0
1.0
0.211044950485
0.211577870846
0.242151558399
0.337645618916
0.216840078831
0.250295131207
0.211642830372
0.188512849808
0.243124220371
0.234738218784
0.282412548065
0.202369830608
0.214290661812
0.210538330078
0.228381578922
0.240789620876
0.212990188599
0.221274268627
0.266202161312
0.208919267654
0.194566860199
0.235947899818
0.208092701435
0.301665508747
0.191809270382
0.231616241932
0.286373391151
0.241220400333
0.231028738022
0.25833591938
0.0850290608406
0.12885310173
0.117661640644
0.124784271717
0.113022809029
0.116222138405
0.121803350449
0.121351680756
0.108127169609
0.112968051434
0.1336281991
0.148870918751
0.119224188328
0.144856548309
0.125310468674
0.121095180511
0.110920488834
0.109743249416
0.111246039867
0.0939077997208
0.107743730545
0.115487089157
0.116872169971
0.117423658371
0.0898423695564
0.115350520611
0.114817318916
0.121660330296
0.108166618347
0.132855699062
0.07139950037
0.101888239384
0.0847265911102
0.0714415812492
0.0741890597343
0.0932731986046
0.124096710682
0.0815417909622
0.0798658704758
0.0924946498871
0.101028490067
0.0859163093567
0.0693610095978
0.0953256106377
0.0746853709221
0.0736981916428
0.0752084589005
0.104117000103
0.113481669426
0.077459089756
0.110819540024
0.0639901018143
0.0816064405441
0.0767757105827
0.0807393097878
0.0745939803123
0.108359792233
0.0696368598938
0.077030608654
0.116890671253
0.064248509407
0.0680109095573
0.0649547505379
0.0640601611137
0.0654816794395
0.0586313986778
0.062811460495
0.0653033900261
0.0621951985359
0.0689210391045
0.0612446594238
0.0661507201195
0.0667825102806
0.0674815702438
0.0706783294678
0.0575258684158
0.0623647499084
0.0682893109322
0.0648503494263
0.0681005215645
0.0630518007278
0.0706174182892
0.0590570783615
0.0557012796402
0.0589322805405
0.0666294789314
0.0710531497002
0.0676958394051
0.0673866701126
0.0584332680702
0.0954742383957
0.106431839466
0.0808116602898
0.125073361397
0.0873697495461
0.109769880772
0.159888849258
0.137437860966
0.161349749565
0.166217169762
0.204259271622
0.185713050365
0.122408311367
0.160795030594
0.115263888836
0.0781926202774
0.103897321224
0.0958030605316
0.104148919582
0.0817162895203
0.146780738831
0.128922600746
0.113339641094
0.146932570934
0.1873533988
0.141862170696
0.134802241325
0.227186851501
0.199756529331
0.127780659199
0.14642870903
0.164389770031
0.274020841122
0.0812582683563
0.17379914999
0.247930879593
0.247112550735
0.104067630768
0.18596665144
0.2583116889
0.22604722023
0.181270239353
0.155958988667
0.226025388241
0.187795360088
0.158311569691
0.20345277071
0.286041119099
0.201621160507
0.186655991077
0.154500360489
0.239575459957
0.138577308655
0.187512710094
0.135072319508
0.239459021091
0.21779804945
0.130709769726
0.293303489685
0.191535749435
0.299711768627
0.243057088852
0.293529269695
0.298939278126
0.312610168457
0.229400889874
0.258385019302
0.304394590855
0.226594479084
0.201670248508
0.212517800331
0.285765089989
0.274120979309
0.250160620213
0.195801951885
0.18322316885
0.17867841959
0.343450689316
0.297379410267
0.289393699169
0.324673340321
0.14413918972
0.21935521841
0.315106921196
0.507603929043
0.329381971359
0.383325438499
0.402743849754
0.31450494051
0.277314109802
0.334352738857
0.295539410114
0.573602890968
0.484219281673
0.362408549786
0.482296850681
0.267821779251
0.63814043045
0.226919050217
0.43557434082
0.441024417877
0.390911650658
0.35589908123
0.638794560432
0.450914959908
0.259753351212
0.342971498966
0.295685520172
0.364517030716
0.409068169594
0.329173300266
0.489176721573
0.308931839466
0.397941348553
0.56544303894
0.564823811054
0.265730419159
0.345742938519
0.281960480213
0.436680431366
0.591345849037
0.821803021431
1.0
0.640736889839
0.439550590515
0.446114418507
0.39903553009
0.520760929585
0.293401710987
0.594398829937
0.330578520298
0.557431299686
0.697820818424
0.803555529118
0.345403540134
0.300118858814
0.661900730133
1.0
0.609057400227
0.38822881937
1.0
0.525705859661
0.588927400112
0.342503199577
0.341148049831
0.938928639889
0.509527158737
0.517334377766
0.430083210468
1.0
0.717695391178
1.0
1.0
0.501063110828
0.621701569557
1.0
0.7472960186
0.891742238998
0.481231050491
0.479613509178
1.0
0.447276899815
1.0
0.661411631107
1.0
1.0
0.821658468246
1.0
0.567232971191
1.0
0.679343869686
0.589028520584
0.553433520794
1.0
0.617882530689
0.873957879543
1.0
0.88504034996
0.554068930149
0.508000431061
1.0
1.0
1.0
0.906309537888
1.0
0.796658248901
0.958264420033
1.0
1.0
1.0
1.0
1.0
1.0
1.0
1.0
0.713053638935
1.0
1.0
1.0
1.0
0.713166890144
0.443562951088
0.549244530201
0.293986320496
0.675292830467
0.637158508301
0.541442298889
0.724516382217
0.810075099468
0.556556699276
0.918235831261
0.771861259937
0.930955049992
0.470644860268
0.979326488972
0.639699730873
1.0
0.618937940598
0.417006380558
0.8866426301
0.152818510532
0.113093450069
0.123002550602
0.122536950111
0.110786550045
0.121756019592
0.139048740864
0.125356519222
0.125941119194
0.0993668198586
0.114656960964
0.114334139824
0.153346340656
0.0997775101662
0.118100650311
0.13028550148
0.109775190353
0.123577768803
0.129556200504
0.128276507854
0.0394994592667
0.0622497105598
0.0392166399956
0.0632067298889
0.0414229917526
0.0589954090118
0.0475559711456
0.0426181697845
0.0634644198418
0.0428604507446
0.0634249281883
0.0421923613548
0.0450067996979
0.0622494602203
0.0594749808311
0.0418447494507
0.0442325282097
0.0610120606422
0.0612987399101
0.0543579697609
0.0299280285835
0.0338811993599
0.0354878497124
0.0347754883766
0.0333317995071
0.0388271617889
0.0324800109863
0.033160879612
0.035912668705
0.0358357787132
0.0336350989342
0.0349550104141
0.0344820308685
0.0355024981499
0.0332059693336
0.0344215106964
0.0361966896057
0.0348617696762
0.0360747218132
0.0366051197052
0.0341165709496
0.0331823801994
0.0327491688728
0.0341128706932
0.0337014603615
0.0337058901787
0.0332736206055
0.0332031393051
0.034267950058
0.0338150382042
0.0328642511368
0.0335850191116
0.0335401391983
0.0336540794373
0.0331810617447
0.0328427600861
0.0328986215591
0.0332134890556
0.0326413011551
0.0324024295807
0.0327285480499
0.0329822802544
0.0332477998734
0.0320978879929
0.0332272481918
0.0346521997452
0.0337784099579
0.0327375102043
0.0330078911781
0.0333344316483
0.0336889600754
0.0326599216461
0.0338297820091
0.0334678506851
0.0328911709785
0.0322860980034
0.0340220785141
0.0318726706505
0.0326634192467
0.0342520999908
0.0324432396889
0.0326274394989
0.0328521895409
0.0325264501572
0.0329688405991
0.0327655291557
0.032866601944
0.0325240015984
0.0323936414719
0.0340685200691
0.0325259685516
0.0323214888573
0.0326623296738
0.0336542582512
0.0325191688538
0.0336165904999
0.0329558300972
0.0337394595146
0.0322313308716
0.0328737902641
0.0328606510162
0.0334739398956
0.0332698702812
0.0332987999916
0.033473508358
0.0331652188301
0.0324848508835
0.0325806999207
0.0325884890556
0.0332871890068
0.0330531096458
0.0325457119942
0.0328455519676
0.0327490997314
0.0336370897293
0.0337649297714
0.0333381104469
0.0340407800674
0.0336556482315
0.0330553507805
0.0338015413284
0.0336488580704
0.033283290863
0.0322246599197
0.0326964306831
0.032855951786
0.0326109194756
0.0336059689522
0.033095729351
0.0334307408333
0.0338628292084
0.0332089400291
0.0338791203499
0.0337164998055
0.0319087815285
0.033119699955
0.0338343906403
0.0338929820061
0.0322609019279
0.033851249218
