0.993414863594
0.995125288634
0.996921234927
0.994697682374
0.993414863594
0.996151543659
0.995467373642
0.993072778585
0.996408107415
0.998118532455
0.995552894894
0.996493628667
0.997776447447
1.0
0.995552894894
0.997092277431
0.994270076114
0.997263319935
0.995039767382
0.999230308732
0.999657914992
0.998546138715
0.995467373642
0.994868724878
0.995723937398
0.994441118618
0.996750192423
0.993414863594
0.992730693577
0.999486872488
0.387154707945
0.418284443684
0.361070726075
0.368254511246
0.390832121782
0.411528264774
0.38946378175
0.387411271701
0.417856837424
0.379885401522
0.37389891388
0.353715898401
0.38903617549
0.418284443684
0.373556828872
0.371931925083
0.386898144189
0.386812622937
0.39621996066
0.353031728385
0.401436757034
0.371760882579
0.386983665441
0.362866672368
0.431540237749
0.409561275977
0.438638501668
0.371162233815
0.357222269734
0.364833661165
0.925853074489
0.919524501839
0.902078166424
0.914735311725
0.917985119302
0.924741298213
0.91242623792
0.899084922603
0.930727785855
0.920379714359
0.909604036603
0.918412725562
0.896177200034
0.91704438553
0.914735311725
0.921149405627
0.925682031985
0.925682031985
0.92380056444
0.913965620457
0.914991875481
0.916958864278
0.914735311725
0.915847088001
0.90019669888
0.925339946977
0.907637047806
0.907123920294
0.905413495254
0.930642264603
0.973231848114
0.967501924228
0.966903275464
0.971179338066
0.967672966732
0.970837253057
0.968442658001
0.970922774309
0.973744975626
0.967245360472
0.969297870521
0.968528179253
0.970153083041
0.967416402976
0.967416402976
0.965107329171
0.964508680407
0.973402890618
0.975113315659
0.969297870521
0.973830496878
0.974771230651
0.965278371675
0.971264859318
0.969468913025
0.970666210553
0.968870264261
0.96801505174
0.969041306765
0.967672966732
0.986402120927
0.984606174634
0.988454630976
0.985461387155
0.988027024716
0.982553664586
0.988112545968
0.989994013512
0.986487642179
0.985546908407
0.982553664586
0.985803472163
0.991191311041
0.985803472163
0.987342854699
0.983836483366
0.985974514667
0.984178568374
0.984093047122
0.983750962114
0.984777217138
0.985546908407
0.983750962114
0.984178568374
0.986316599675
0.986145557171
0.989309843496
0.986915248439
0.986060035919
0.986658684683
0.993585906098
0.993585906098
0.991961002309
0.991789959805
0.991191311041
0.989822971008
0.994441118618
0.989651928504
0.989737449756
0.990934747285
0.990507141025
0.992303087317
0.994441118618
0.988967758488
0.98990849226
0.99033609852
0.991618917301
0.991191311041
0.989994013512
0.993158299838
0.990934747285
0.989395364748
0.989822971008
0.990592662277
0.989480886
0.988283588472
0.987086290943
0.991875481057
0.98905327974
0.992987257333
0.995980501155
0.99324382109
0.994184554862
0.993500384846
0.994868724878
0.990678183529
0.994013512358
0.992559651073
0.991789959805
0.995894979903
0.991875481057
0.993756948602
0.994013512358
0.994697682374
0.989224322244
0.993756948602
0.99452663987
0.994184554862
0.991191311041
0.991447874797
0.996151543659
0.994270076114
0.992303087317
0.995210809886
0.991961002309
0.991789959805
0.990849226033
0.990849226033
0.991105789789
0.992730693577
0.711365774395
0.69810998033
0.678012486103
0.618062088429
0.682801676217
0.662533139485
0.70272812794
0.635251860087
0.672539125973
0.666552638331
0.668947233387
0.712220986915
0.721200718379
0.720773112118
0.668434105875
0.690840673907
0.719062687078
0.635850508851
0.675874454802
0.670914222184
0.644060549046
0.654921748054
0.685110750021
0.676729667322
0.651757461729
0.69349183272
0.719917899598
0.64166595399
0.695202257761
0.68126229368
0.95664072522
0.957581458993
0.969297870521
0.951252886342
0.962370649106
0.957324895236
0.955699991448
0.957752501497
0.96254169161
0.965705977936
0.956298640212
0.962028564098
0.963140340375
0.9557855127
0.968357136748
0.961772000342
0.955871033952
0.963482425383
0.961600957838
0.963910031643
0.966646711708
0.960574702814
0.951509450098
0.946463696229
0.957324895236
0.961087830326
0.953134353887
0.960745745318
0.95621311896
0.946805781237
0.986829727187
0.982810228342
0.983665440862
0.983323355854
0.982810228342
0.986402120927
0.987855982212
0.986402120927
0.985375865903
0.987086290943
0.985375865903
0.984948259643
0.98400752587
0.98315231335
0.987428375951
0.985974514667
0.986487642179
0.986829727187
0.986487642179
0.985375865903
0.985546908407
0.987941503464
0.985290344651
0.984691695886
0.986231078423
0.984691695886
0.985204823399
0.985803472163
0.983665440862
0.987257333447
0.768665013256
0.775250149662
0.770204395792
0.764731035662
0.760369451809
0.773197639613
0.766954588215
0.775335670914
0.765415205679
0.772770033353
0.768921577012
0.767809800735
0.763191653126
0.755836825451
0.766099375695
0.772513469597
0.770204395792
0.781236637304
0.766013854443
0.772085863337
0.775335670914
0.765586248183
0.768750534508
0.760968100573
0.766869066963
0.780124861028
0.767895321988
0.771401693321
0.758231420508
0.770888565809
0.660309586932
0.639870007697
0.650645685453
0.629607457453
0.645514410331
0.663730437014
0.656033524331
0.626357649876
0.641922517746
0.65304028051
0.661677926965
0.624989309843
0.6484221329
0.681433336184
0.657401864363
0.634738732575
0.64713931412
0.645001282819
0.640639698965
0.645001282819
0.665098777046
0.667920978363
0.65808603438
0.677841443599
0.674164029761
0.660309586932
0.630377148721
0.634909775079
0.646882750363
0.656632173095
0.412041392286
0.42230394253
0.393397759343
0.458393910887
0.453348157017
0.449841785684
0.394081929359
0.418284443684
0.40083810827
0.446677499359
0.435559736595
0.383135209099
0.457624219619
0.460874027196
0.409817839733
0.421448730009
0.445822286838
0.43410587531
0.406225947148
0.45138116822
0.429231163944
0.415462242367
0.450611476952
0.402890618319
0.452407423245
0.396305481912
0.4400068417
0.40169332079
0.417856837424
0.404601043359
0.637133327632
0.628495681177
0.64252116651
0.646626186607
0.63833062516
0.632173095014
0.640981783973
0.639698965193
0.643975027794
0.639527922689
0.64799452664
0.64166595399
0.637988540152
0.642692209014
0.642350124006
0.646284101599
0.634653211323
0.640468656461
0.638758231421
0.639014795177
0.64294877277
0.63833062516
0.643975027794
0.628752244933
0.645428889079
0.645685452835
0.648507654152
0.637988540152
0.639271358933
0.645685452835
0.102625502437
0.143504660908
0.122038826648
0.134524929445
0.11117762764
0.124775506713
0.200889421021
0.123920294193
0.149234584794
0.158641922518
0.124433421705
0.159326092534
0.112289403917
0.169759685282
0.125117591722
0.0974087060635
0.122209869152
0.134781493201
0.134268365689
0.0969810998033
0.135380141965
0.168220302745
0.124005815445
0.179252544257
0.191909689558
0.158556401266
0.145129564697
0.167878217737
0.160950996323
0.145557170957
0.212349268793
0.213803130078
0.232703326777
0.166937483965
0.242880355768
0.264175147524
0.212092705037
0.244590780809
0.24296587702
0.264773796288
0.223295989053
0.214572821346
0.213290002566
0.274694261524
0.222697340289
0.20208671855
0.225434020354
0.247070897118
0.192337295818
0.171042504062
0.179936714273
0.21431625759
0.235611049346
0.202599846062
0.222098691525
0.256820319849
0.192593859574
0.213204481314
0.223809116565
0.254511246045
0.323868981442
0.384075942872
0.314803728727
0.295818010776
0.295219362011
0.321645428889
0.287351406825
0.257932096126
0.295133840759
0.264175147524
0.293851021979
0.28589754554
0.304797742239
0.263234413752
0.316257590011
0.266142136321
0.264517232532
0.276917814077
0.315744462499
0.316685196271
0.325750448987
0.306251603523
0.264346190028
0.346018985718
0.354314547165
0.313606431198
0.367912426238
0.33558539297
0.33430257419
0.323099290174
0.442658000513
0.337295818011
0.412468998546
0.466176344822
0.391345249294
0.403831352091
0.401778842042
0.487300094073
0.430513982725
0.493799709228
0.377063200205
0.450354913196
0.433165141538
0.440092362952
0.401778842042
0.421106645001
0.432309929017
0.36337979988
0.46651842983
0.448815530659
0.421363208757
0.468827503635
0.394766099376
0.383733857864
0.43829641666
0.505516120756
0.394424014368
0.459505687163
0.420251432481
0.403574788335
0.569742581031
0.598905327974
0.680150517404
0.580774822543
0.58821517147
0.600786795519
0.644317112803
0.58145899256
0.54271786539
0.599247412982
0.570768836056
0.65304028051
0.599076370478
0.596938339177
0.516035234756
0.580689301291
0.598819806722
0.627469426152
0.562045668349
0.541777131617
0.635080817583
0.580774822543
0.596852817925
0.535961686479
0.588984862738
0.564696827162
0.590438724023
0.572735824852
0.562644317113
0.643290857778
0.643119815274
0.81766869067
0.725134695972
0.690156503891
0.68083468742
0.813307106816
0.756520995467
0.793808261353
0.703925425468
0.697083725306
0.760369451809
0.652698195502
0.75327118789
0.686393568802
0.724536047208
0.698708629094
0.725220217224
0.741982382622
0.654237578038
0.677670401095
0.733943384931
0.716924655777
0.626015564868
0.694860172753
0.722569058411
0.715043188232
0.731634311126
0.699563841615
0.726759599761
0.744034892671
0.994355597366
0.995210809886
0.996493628667
0.995125288634
0.996835713675
0.99580945865
0.994184554862
0.99452663987
0.997348841187
0.995894979903
0.993500384846
0.996579149919
0.993072778585
0.995638416146
0.996237064911
0.995894979903
0.997263319935
0.99871718122
0.99871718122
0.995039767382
0.996493628667
0.998888223724
0.998546138715
0.996151543659
0.996750192423
0.998289574959
0.996151543659
0.998460617463
0.997605404943
0.995039767382
0.997605404943
0.995980501155
0.99580945865
0.995296331138
0.996664671171
0.998118532455
0.999059266228
0.996921234927
0.997605404943
0.994783203626
0.987428375951
0.986658684683
0.98819806722
0.987513897203
0.990763704781
0.986316599675
0.985461387155
0.988711194732
0.98905327974
0.987513897203
0.983922004618
0.984264089626
0.985204823399
0.987171812195
0.986658684683
0.989309843496
0.986316599675
0.98486273839
0.985290344651
0.988027024716
0.870435303173
0.867869665612
0.866415804327
0.870691866929
0.868724878132
0.870862909433
0.870862909433
0.868553835628
0.866586846831
0.867185495596
0.870435303173
0.870007696913
0.865304028051
0.871632600701
0.869323526896
0.866330283075
0.864619858035
0.867869665612
0.868724878132
0.868297271872
0.725818865988
0.71872060207
0.724707089712
0.71872060207
0.727529291029
0.725391259728
0.72000342085
0.720088942102
0.722654579663
0.723680834687
0.718378517061
0.72085863337
0.720088942102
0.717950910801
0.724022919696
0.725733344736
0.720088942102
0.721713845891
0.727358248525
0.721542803387
0.485589669033
0.486786966561
0.480629436415
0.491490635423
0.480800478919
0.481912255195
0.487300094073
0.484905499017
0.482596425212
0.481570170187
0.488582912854
0.485333105277
0.488155306594
0.485247584025
0.486615924057
0.484306850252
0.476267852561
0.480971521423
0.472761481228
0.488668434106
0.263918583768
0.276917814077
0.264602753784
0.272470708971
0.270845805183
0.273839049004
0.266569742581
0.275720516548
0.269306422646
0.278029590353
0.270674762679
0.274181134012
0.273496963996
0.275720516548
0.268964337638
0.280082100402
0.272043102711
0.282134610451
0.267510476353
0.270161635166
0.178311810485
0.174890960404
0.177200034209
0.175062002908
0.173608141623
0.17514752416
0.181818181818
0.181989224322
0.173522620371
0.176259300436
0.179680150517
0.186350808176
0.180535363038
0.173522620371
0.188830924485
0.178995980501
0.178482852989
0.17643034294
0.176686906696
0.183357564355
0.0786795518686
0.0807320619174
0.0807320619174
0.0789361156247
0.0830411357222
0.0788505943727
0.0854357307791
0.0860343795433
0.082356965706
0.08252800821
0.0835542632344
0.0832121782263
0.0817583169418
0.0791926793808
0.0847515607628
0.0774822543402
0.0818438381938
0.0834687419824
0.0800478919011
0.0875737620799
0.049345762422
0.0462669973488
0.046780124861
0.0506285812024
0.0507996237065
0.0468656461131
0.0478919011374
0.0478063798854
0.0502864961943
0.0490036774138
0.0484050286496
0.0471222098692
0.0508851449585
0.0501154536902
0.0486615924057
0.0473787736252
0.049431283674
0.0482339861456
0.0453262635765
0.0460959548448
