1
800
110.947000027
193
319
741
341
360
13
656
401
141
789
520
290
67
136
708
619
679
693
197
138
9
363
723
641
111
452
316
496
291
187
775
353
276
628
153
659
748
177
416
322
373
450
382
26
196
782
385
300
162
165
0
657
422
320
668
114
86
764
480
614
180
437
117
259
411
358
459
722
685
308
207
1
146
242
655
159
293
713
311
780
208
201
620
372
309
306
166
648
103
73
212
753
85
787
666
90
33
696
357
253
386
462
609
647
601
409
169
503
191
732
174
709
4
763
742
594
599
94
336
457
758
610
288
109
678
730
92
455
419
421
170
186
716
774
606
7
221
205
241
27
684
456
143
58
616
17
654
658
168
393
412
378
383
523
340
371
486
765
326
65
54
19
356
734
698
362
20
243
21
195
139
425
220
350
518
441
225
665
145
192
96
492
760
42
133
11
402
651
32
699
642
495
99
238
498
142
375
718
2
631
100
727
48
101
144
122
635
643
273
632
61
729
570
461
471
715
278
298
307
791
740
721
686
502
155
661
645
74
379
660
140
585
464
14
128
337
539
724
324
617
45
449
397
447
25
189
542
262
630
280
796
474
329
786
327
29
281
263
545
31
634
755
640
644
485
151
185
202
762
777
342
330
467
176
400
575
321
223
283
10
624
56
129
408
573
405
107
257
508
41
183
757
310
472
704
105
719
72
303
218
418
46
433
39
478
674
62
388
149
438
333
435
35
443
669
530
289
344
639
618
434
264
209
705
664
156
504
38
574
728
633
596
97
454
525
415
194
613
239
284
552
22
621
102
627
224
561
476
268
587
515
227
581
395
132
233
173
3
652
781
767
255
439
468
270
524
738
649
505
420
380
754
377
497
277
737
34
80
285
104
528
252
582
779
494
69
78
446
521
279
366
213
442
553
423
584
667
323
235
265
346
746
171
106
53
583
622
57
506
240
267
98
612
605
121
535
733
720
688
334
55
548
564
367
604
364
501
514
427
482
297
211
410
687
91
636
392
127
66
568
487
23
258
246
115
406
163
795
355
589
638
453
440
312
451
735
384
726
59
689
317
119
37
700
428
338
381
116
540
592
120
398
470
245
172
676
272
489
663
653
749
390
190
47
15
598
296
118
626
756
188
331
200
369
555
595
314
697
680
18
89
743
711
543
717
184
396
295
250
600
491
351
590
615
302
354
706
483
431
275
586
681
798
500
167
249
234
389
387
157
725
499
488
558
429
602
797
436
646
130
370
237
671
629
110
178
778
473
695
683
784
672
776
87
557
701
607
793
745
68
266
469
226
332
580
544
417
313
30
513
75
475
134
559
794
538
315
161
677
712
444
690
554
611
766
335
466
286
81
126
675
768
365
541
413
484
430
88
251
579
179
532
113
374
131
147
526
560
691
744
236
692
16
52
682
247
424
546
254
232
359
771
361
152
328
414
70
527
5
770
352
576
206
301
531
736
747
563
512
274
49
182
150
229
533
752
154
8
759
43
260
477
160
481
516
210
269
112
761
203
750
261
670
256
214
432
407
703
702
12
547
550
603
231
790
588
294
82
507
164
63
608
339
565
460
403
137
465
739
60
204
123
569
368
244
36
731
534
593
785
562
448
71
571
347
175
650
572
493
95
348
625
24
566
694
305
772
6
556
198
199
479
551
567
673
345
490
158
248
458
509
299
394
522
623
637
181
51
510
577
391
773
215
597
769
707
549
591
318
537
83
124
271
426
28
399
578
287
529
519
228
230
325
292
376
751
304
76
349
511
710
148
219
93
404
84
463
125
216
792
662
714
445
222
79
64
282
536
788
135
108
517
77
44
217
343
799
50
40
783
