1
800
111.946000099
170
634
686
76
745
2
364
186
14
270
184
780
356
404
739
676
303
266
129
293
650
332
136
707
25
369
121
761
0
690
379
327
130
498
329
331
154
235
628
720
115
306
341
181
265
156
665
559
397
320
370
21
209
78
6
145
318
772
119
301
757
54
564
608
205
308
711
133
1
728
367
269
783
69
495
476
195
225
394
670
252
697
122
579
3
19
176
231
298
715
354
22
55
315
107
535
562
182
624
671
77
300
322
351
35
656
603
65
389
414
726
260
309
668
751
515
400
705
299
139
191
422
768
345
744
263
547
310
92
438
273
578
311
94
164
137
405
633
567
692
781
4
185
748
159
123
494
177
762
695
97
649
140
647
349
326
247
409
552
142
740
10
229
155
679
371
102
442
91
672
128
82
214
45
38
467
522
319
407
406
296
585
589
385
365
736
202
651
110
220
194
635
324
461
660
153
255
710
73
157
673
737
28
763
793
630
408
425
457
355
278
738
687
612
664
752
313
643
619
254
152
39
353
470
569
148
44
794
84
700
459
241
614
79
509
279
180
607
259
446
334
378
347
103
234
709
586
393
558
551
626
99
464
617
312
684
501
655
383
423
200
27
544
620
368
747
610
150
72
566
358
657
264
221
717
375
574
615
53
645
427
426
352
769
131
48
694
9
600
272
89
659
144
576
469
399
625
217
507
36
636
421
548
554
542
511
362
32
165
134
666
466
167
388
581
537
381
699
401
169
638
428
577
328
198
108
518
245
771
146
555
96
727
227
631
111
601
226
627
460
764
325
521
47
348
286
698
730
211
534
674
215
382
283
486
361
506
750
86
504
173
413
733
187
474
721
722
15
497
141
282
100
26
453
706
384
31
622
49
755
90
284
17
248
419
463
591
609
344
386
242
124
391
652
725
786
517
618
24
219
798
441
641
681
87
206
239
546
662
52
392
71
363
207
143
276
213
703
302
447
639
228
41
135
62
350
307
487
502
767
597
549
538
759
271
151
321
685
34
500
291
12
75
20
454
342
484
357
262
424
434
61
60
192
208
436
753
575
708
246
189
292
243
95
304
702
175
398
605
613
452
531
516
377
678
158
238
513
240
290
420
606
529
416
18
572
93
132
532
372
64
632
689
749
445
754
127
492
330
66
126
637
57
540
604
593
178
455
580
376
530
289
249
510
13
42
573
431
237
669
174
779
23
765
256
508
218
471
161
719
104
658
595
528
390
590
274
596
741
258
188
147
224
776
346
204
468
101
109
417
716
429
594
40
360
556
704
691
67
395
373
766
267
465
29
166
680
171
472
724
251
732
491
402
773
138
112
503
261
50
642
244
514
68
233
343
374
450
582
714
432
59
11
339
230
74
396
770
735
199
539
232
222
723
563
682
482
756
789
584
553
70
437
616
778
653
287
505
236
323
543
477
297
520
592
489
648
316
179
623
5
654
33
37
588
598
496
16
785
545
712
519
524
499
561
701
481
621
774
46
602
415
451
587
335
787
526
688
439
30
216
560
675
281
775
570
661
196
523
193
758
317
295
366
314
734
8
98
162
746
536
412
160
760
7
640
490
197
488
462
444
550
729
117
338
693
478
380
168
456
294
713
277
683
268
646
81
288
571
359
667
475
223
480
120
677
336
410
58
533
777
479
527
257
718
799
512
565
443
190
663
80
113
418
253
541
333
430
212
435
106
387
411
114
105
56
742
172
340
433
743
525
83
210
483
51
644
337
731
275
305
458
85
125
629
449
568
203
448
611
285
557
43
116
201
88
63
163
485
280
403
696
250
118
473
583
183
493
440
149
599
788
792
797
790
784
782
791
795
796
