1
800
106.700999975
204
229
682
205
376
740
9
103
248
459
224
399
780
275
700
183
122
173
366
213
68
695
270
722
365
220
156
253
592
333
576
202
120
408
306
760
279
328
460
107
304
323
260
680
451
2
666
703
317
338
731
4
187
230
101
362
351
150
681
182
138
773
310
299
99
446
655
12
660
742
145
405
49
126
274
160
701
496
652
227
575
515
361
390
324
259
78
492
152
464
1
468
181
728
379
235
443
21
114
761
166
409
108
292
295
721
123
38
238
61
344
40
340
375
79
698
763
305
665
613
343
16
475
639
669
751
232
106
364
284
31
402
104
18
605
332
727
113
221
268
384
471
596
298
217
149
565
407
119
290
321
256
13
318
109
582
329
285
675
661
352
29
401
656
157
105
214
415
738
300
770
358
702
749
553
392
653
734
320
233
190
633
501
458
316
662
693
53
257
281
225
411
671
215
64
670
373
136
531
704
479
726
125
556
477
694
41
521
741
374
641
169
503
645
22
98
72
198
709
525
280
690
624
360
307
623
258
562
480
720
609
269
71
630
418
481
444
363
505
677
345
473
322
457
311
348
359
713
226
469
151
271
745
584
412
510
97
650
768
707
442
410
14
278
647
711
684
470
538
100
77
580
58
282
725
454
672
207
547
168
155
668
15
272
571
395
737
567
191
764
172
618
549
314
44
586
489
369
517
244
445
89
74
178
598
640
326
19
484
523
430
277
243
688
608
28
255
619
747
403
193
583
692
57
539
676
544
533
602
63
66
729
302
548
532
705
599
597
185
632
144
733
140
148
391
559
354
643
301
491
735
420
708
67
732
612
530
561
216
706
673
353
6
716
718
313
170
493
162
231
506
488
201
250
116
252
551
288
396
628
85
758
500
23
714
219
540
699
743
189
433
579
631
404
194
167
465
264
380
710
184
350
263
112
286
724
327
427
81
54
206
474
129
534
400
542
529
115
744
589
32
485
91
615
325
447
65
92
777
429
601
644
723
163
774
69
346
455
25
35
719
516
625
370
137
657
678
522
697
659
715
147
759
382
499
590
47
617
118
502
371
543
552
134
524
339
291
421
636
234
574
93
188
663
434
153
251
507
389
192
309
425
766
755
7
569
577
449
241
646
197
3
573
635
651
331
102
513
158
667
614
622
683
239
218
86
355
776
514
419
10
254
372
554
393
367
414
176
236
48
139
96
398
483
587
620
487
247
208
121
495
394
146
131
754
385
161
750
557
50
564
73
245
83
265
341
648
604
336
537
289
287
349
748
209
90
581
34
132
303
171
30
606
342
607
42
223
261
664
687
397
59
585
127
654
476
578
461
685
87
593
0
164
315
712
356
490
526
558
594
267
686
450
39
527
563
297
56
84
546
616
17
497
637
175
196
203
222
75
426
174
26
439
199
478
518
717
642
82
62
5
80
494
381
368
482
431
70
27
691
752
541
130
8
124
95
36
334
94
436
195
283
674
386
388
435
437
440
133
20
462
46
24
638
519
466
417
509
658
756
568
11
60
45
634
266
143
452
611
679
736
33
423
212
246
293
186
276
448
240
511
330
621
117
428
406
179
141
504
142
600
154
626
383
413
242
486
237
520
319
595
51
335
550
441
88
378
453
508
696
211
200
337
610
757
472
110
627
536
180
128
273
545
135
555
775
377
588
746
312
572
159
566
753
308
165
689
262
730
739
210
43
438
512
591
649
570
249
347
456
37
432
498
603
177
772
528
629
463
535
416
52
422
424
55
111
294
560
467
76
387
357
228
296
797
767
785
782
799
781
784
787
786
789
765
795
796
793
779
798
769
790
792
791
778
788
762
783
771
794
