1
800
35.364000082
153
336
181
24
169
9
62
268
32
761
184
192
347
149
302
101
742
152
189
170
2
35
285
139
763
303
135
178
37
197
233
0
726
332
104
174
224
561
242
358
68
190
351
146
13
212
368
27
556
16
223
747
151
243
116
55
267
306
118
558
217
177
52
603
21
683
723
49
73
709
89
3
126
28
450
129
140
4
764
66
512
741
30
760
321
10
33
193
287
69
596
316
350
36
134
500
702
22
158
309
684
19
48
98
119
280
337
393
525
138
690
256
277
74
160
241
283
526
222
179
727
291
687
42
410
485
673
168
235
532
720
18
58
112
245
284
292
374
660
15
128
185
317
325
392
751
95
103
132
191
520
704
750
5
8
26
67
100
165
219
249
313
315
353
397
435
150
230
367
423
626
778
6
25
338
343
378
503
650
703
728
14
40
60
123
136
262
339
361
433
460
465
572
623
633
688
736
746
57
97
142
154
195
251
260
275
295
334
363
375
442
456
531
586
614
711
765
83
109
121
127
157
162
209
221
246
271
278
341
394
427
482
513
615
621
662
706
11
43
79
106
111
130
143
172
239
298
312
342
348
480
539
575
605
631
655
692
762
12
23
61
84
102
110
113
125
155
159
175
211
215
228
231
236
258
259
299
300
324
330
331
380
404
406
420
429
431
440
441
445
452
463
471
492
494
496
535
551
701
705
707
724
1
20
38
41
54
59
86
90
92
94
115
117
145
148
166
167
186
199
200
207
208
220
244
247
261
272
279
304
308
314
323
355
364
365
399
409
422
455
486
497
505
542
562
566
579
597
598
608
616
618
636
647
669
729
749
753
7
17
29
31
34
39
44
45
46
47
50
51
53
56
63
64
65
70
71
72
75
76
77
78
80
81
82
85
87
88
91
93
96
99
105
107
108
114
120
122
124
131
133
137
141
144
147
156
161
163
164
171
173
176
180
182
183
187
188
194
196
198
201
202
203
204
205
206
210
213
214
216
218
225
226
227
229
232
234
237
238
240
248
250
252
253
254
255
257
263
264
265
266
269
270
273
274
276
281
282
286
288
289
290
293
294
296
297
301
305
307
310
311
318
319
320
322
326
327
328
329
333
335
340
344
345
346
349
352
354
356
357
359
360
362
366
369
370
371
372
373
376
377
379
381
382
383
384
385
386
387
388
389
390
391
395
396
400
401
403
405
407
408
411
412
413
414
416
417
418
419
421
424
425
426
428
430
432
434
436
437
438
439
443
444
446
447
448
449
451
453
454
457
458
459
461
462
464
466
467
468
469
470
472
473
474
475
476
477
478
479
481
483
484
487
488
489
490
491
493
495
498
499
501
502
504
506
507
508
509
510
511
514
515
516
517
518
519
521
522
523
524
527
528
529
530
533
534
536
537
538
540
541
543
544
545
546
547
548
549
550
552
553
554
555
557
559
560
563
564
565
567
568
569
570
571
573
574
576
577
578
580
581
582
583
584
585
587
588
589
590
591
592
593
594
595
599
600
601
602
604
606
607
609
610
611
612
613
617
619
620
622
624
625
627
628
629
630
632
634
635
637
638
639
640
641
642
643
644
645
646
648
649
651
652
653
654
656
657
658
659
661
663
664
665
666
667
668
670
671
672
674
675
676
677
678
679
680
681
682
685
686
689
691
693
694
695
696
697
698
699
700
708
710
712
713
714
715
716
717
718
719
721
722
725
730
731
732
733
734
735
737
738
739
740
743
744
748
752
754
755
756
757
758
766
767
771
773
0
0
0
0
0
0
0
0
0
0
0
0
0
0
0
0
0
0
0
0
0
0
0
0
0
0
0
0
0
0
0
0
0
0
