1
800
77.0640001297
153
336
181
24
169
9
62
268
32
761
184
192
347
149
302
101
742
152
189
170
2
35
285
139
763
303
135
178
37
197
233
726
0
332
104
174
224
561
242
358
68
190
351
146
13
212
368
27
556
16
747
223
151
243
116
55
267
306
118
558
217
177
52
603
21
723
683
49
73
709
89
126
3
450
28
140
129
764
4
66
741
512
30
760
321
10
33
287
193
69
596
350
316
500
702
435
134
309
158
22
684
19
48
119
280
98
525
349
393
138
690
277
291
74
160
526
241
283
222
179
727
687
256
672
673
410
42
235
532
720
168
284
374
660
112
292
154
58
245
392
503
325
466
185
751
95
750
520
453
704
103
310
339
315
100
67
367
416
249
84
485
313
8
219
650
494
36
230
150
356
201
423
626
778
343
728
703
25
531
378
317
544
6
688
746
546
623
136
338
460
40
375
60
633
664
736
26
442
614
438
537
363
716
765
195
491
334
622
57
361
427
476
251
275
456
662
282
109
482
394
248
246
162
121
278
615
527
308
706
271
599
497
157
83
348
451
127
631
675
210
552
627
433
359
655
480
762
628
206
344
431
14
692
575
79
298
43
504
265
724
110
498
562
327
452
420
463
457
522
383
597
61
681
714
417
175
102
159
106
228
509
429
440
406
264
5
155
492
23
15
564
263
705
411
300
324
670
299
473
536
441
587
711
517
601
261
592
335
165
668
753
94
59
685
621
669
543
577
257
91
128
272
373
464
422
409
167
554
455
665
729
38
145
12
186
585
208
598
364
115
200
663
171
46
486
568
92
156
244
505
421
749
365
645
606
620
579
475
337
638
357
289
205
333
295
721
133
677
114
624
426
563
218
671
689
131
581
397
236
459
629
444
164
488
255
424
400
389
630
320
232
379
467
301
209
654
642
99
63
743
549
523
122
279
582
567
18
507
605
419
105
203
7
355
616
448
529
323
229
608
353
238
550
372
330
221
445
385
701
56
96
147
590
508
124
637
1
666
569
545
107
539
694
132
719
602
679
744
513
81
141
514
447
290
305
682
443
108
354
130
148
574
161
767
198
699
439
519
11
588
521
722
430
258
648
281
404
652
216
253
506
538
395
196
213
405
227
462
418
54
656
530
757
604
715
735
376
731
573
362
437
511
318
484
65
468
194
676
737
401
240
758
580
384
595
47
712
117
111
304
659
173
381
183
288
766
548
478
477
502
586
571
234
547
572
329
211
490
748
259
540
610
646
446
20
166
667
247
250
311
254
34
570
700
609
481
412
407
553
341
710
559
386
533
686
328
534
307
39
220
708
578
649
312
713
144
70
469
583
137
639
619
403
752
80
542
501
594
754
717
182
632
231
515
691
293
76
756
120
618
640
314
647
388
44
377
396
53
733
260
635
493
273
176
470
560
390
399
612
215
207
495
698
204
693
262
163
725
678
565
387
202
454
707
50
342
611
436
266
471
524
45
499
352
535
697
518
296
366
143
77
180
360
382
734
31
600
591
97
17
82
584
252
322
172
214
93
695
286
641
465
674
276
297
593
718
613
434
644
125
474
274
326
75
199
346
516
51
551
680
414
589
771
738
483
461
72
380
413
479
607
340
696
225
319
487
773
88
425
226
370
739
408
432
653
237
239
187
658
369
661
428
634
391
90
740
510
331
86
755
472
87
449
191
576
566
730
29
489
496
371
555
557
636
123
270
64
732
41
85
269
294
625
458
142
643
188
113
71
657
528
617
651
345
78
541
398
792
787
769
745
779
780
797
768
791
783
794
772
777
776
759
785
798
789
784
402
775
786
415
782
788
793
796
774
790
799
770
781
795
