1
800
38.2430000305
204
229
682
205
376
740
9
103
248
459
224
399
780
275
700
183
122
173
366
213
68
695
270
722
365
220
156
253
592
333
576
202
120
408
306
760
279
328
460
107
304
323
260
680
451
2
666
703
317
338
731
4
187
230
101
362
351
150
681
182
138
773
310
299
99
446
655
12
660
742
145
405
49
126
160
274
701
496
652
227
515
575
361
390
324
259
78
152
190
1
464
181
468
728
379
235
21
443
166
409
761
295
492
38
123
292
721
61
238
344
694
40
340
375
79
305
763
16
343
475
613
639
665
669
751
104
106
226
31
114
284
364
402
18
221
243
332
113
727
268
384
471
108
149
217
298
565
596
13
85
119
290
318
321
407
29
109
285
300
329
352
661
675
105
157
214
320
401
415
541
350
553
702
738
749
770
225
233
257
316
392
434
501
633
653
662
734
41
42
125
136
154
168
215
411
479
531
670
671
693
704
726
7
22
64
72
98
117
140
198
258
280
307
313
327
360
363
373
477
525
623
641
645
708
741
19
27
37
83
151
256
281
294
311
322
335
336
348
374
412
458
469
473
480
481
505
609
630
711
713
720
745
0
14
15
23
44
47
53
75
77
91
93
97
100
110
135
172
191
206
272
278
282
303
314
369
395
418
426
454
472
530
538
543
548
563
564
578
586
618
622
683
707
723
737
764
3
10
24
25
28
48
57
63
66
71
74
82
89
115
118
155
171
178
185
193
195
197
222
254
271
277
326
346
357
391
420
430
438
441
445
490
491
514
520
521
539
542
544
545
549
572
577
582
583
590
594
619
627
685
686
705
730
733
747
5
6
8
11
17
20
26
30
32
33
34
35
36
39
43
45
46
50
51
52
54
55
56
58
59
60
62
65
67
69
70
73
76
80
81
84
86
87
88
90
92
94
95
96
102
111
112
116
121
124
127
128
129
130
131
132
133
134
137
139
141
142
143
144
146
147
148
153
158
159
161
162
163
164
165
167
169
170
174
175
176
177
179
180
184
186
188
189
192
194
196
199
200
201
203
207
208
209
210
211
212
216
218
219
223
228
231
232
234
236
237
239
240
241
242
244
245
246
247
249
250
251
252
255
261
262
263
264
265
266
267
269
273
276
283
286
287
288
289
291
293
296
297
301
302
308
309
312
315
319
325
330
331
334
337
339
341
342
345
347
349
353
354
355
356
358
359
367
368
370
371
372
377
378
380
381
382
383
385
386
387
388
389
393
394
396
397
398
400
403
404
406
410
413
414
416
417
419
421
422
423
424
425
427
428
429
431
432
433
435
436
437
439
440
442
444
447
448
449
450
452
453
455
456
457
461
462
463
465
466
467
470
474
476
478
482
483
484
485
486
487
488
489
493
494
495
497
498
499
500
502
503
504
506
507
508
509
510
511
512
513
516
517
518
519
522
523
524
526
527
528
529
532
533
534
535
536
537
540
546
547
550
551
552
554
555
556
557
558
559
560
561
562
566
567
568
569
570
571
573
574
579
580
581
584
585
587
588
589
591
593
595
597
598
599
600
601
602
603
604
605
606
607
608
610
611
612
614
615
616
617
620
621
624
625
626
628
629
631
632
634
635
636
637
638
640
642
643
644
646
647
648
649
650
651
654
656
657
658
659
663
664
667
668
672
673
674
676
677
678
679
684
687
688
689
690
691
692
696
697
698
699
706
709
710
712
714
715
716
717
718
719
724
725
729
732
735
736
739
743
744
746
748
750
752
753
754
755
756
757
758
759
766
768
772
774
775
776
777
0
0
0
0
0
0
0
0
0
0
0
0
0
0
0
0
0
0
0
0
0
0
0
0
0
0
