1
800
38.4519999027
170
634
686
76
745
2
364
186
14
270
184
780
356
404
739
676
303
266
129
293
646
332
136
707
369
121
25
246
761
690
310
379
327
498
331
154
235
308
720
115
636
481
182
69
320
564
637
156
288
397
370
176
205
311
119
273
341
772
185
757
6
329
54
195
145
209
649
705
319
133
299
367
728
660
783
22
476
0
214
394
697
8
269
668
322
585
157
633
231
665
708
65
155
55
298
354
122
265
19
300
77
538
35
351
671
389
414
608
726
1
306
309
462
590
751
21
191
400
422
579
3
94
111
247
345
624
670
744
762
567
67
73
91
137
159
438
494
9
130
142
173
252
405
688
781
97
140
177
535
588
695
711
748
768
4
101
123
153
260
315
326
349
392
712
10
38
45
78
82
128
229
371
442
547
552
574
650
656
672
679
740
146
202
220
256
289
318
324
365
385
406
407
461
551
628
635
736
28
39
70
107
141
152
194
251
255
263
278
301
313
353
355
408
425
457
458
467
470
512
518
569
612
643
664
673
692
706
724
738
752
763
793
12
17
27
43
84
89
99
103
148
150
200
217
234
259
279
312
347
360
368
383
393
420
459
500
501
589
610
611
617
620
629
655
684
747
774
7
13
30
32
36
49
60
63
72
95
100
108
118
124
127
131
134
147
161
165
196
211
226
236
242
245
250
264
272
274
317
328
337
358
361
362
366
384
399
401
421
426
427
469
480
511
514
516
534
540
554
570
581
582
596
598
603
632
666
689
693
700
704
709
710
722
767
769
5
11
15
16
18
20
23
24
26
29
31
33
34
37
40
41
42
44
46
47
48
50
51
52
53
56
57
58
59
61
62
64
66
68
71
74
75
79
80
81
83
85
86
87
88
90
92
93
96
98
102
104
105
106
109
110
112
113
114
116
117
120
125
126
132
135
138
139
143
144
149
151
158
160
162
163
164
166
167
168
169
171
172
174
175
178
179
180
181
183
187
188
189
190
192
193
197
198
199
201
203
204
206
207
208
210
212
213
215
216
218
219
221
222
223
224
225
227
228
230
232
233
237
238
239
240
241
243
244
248
249
253
254
257
258
261
262
267
268
271
275
276
277
280
281
282
283
284
285
286
287
290
291
292
294
295
296
297
302
304
305
307
314
316
321
323
325
330
333
334
335
336
338
339
340
342
343
344
346
348
350
352
357
359
363
372
373
374
375
376
377
378
380
381
382
386
387
388
390
391
395
396
398
402
403
409
410
411
412
413
415
416
417
418
419
423
424
428
429
430
431
432
433
434
435
436
437
439
440
441
443
444
445
446
447
448
449
450
451
452
453
454
455
456
460
463
464
465
466
468
471
472
473
474
475
477
478
479
482
483
484
485
486
487
488
489
490
491
492
493
495
496
497
499
502
503
504
505
506
507
508
509
510
513
515
517
519
520
521
522
523
524
525
526
527
528
529
530
531
532
533
536
537
539
541
542
543
544
545
546
548
549
550
553
555
556
557
558
559
560
561
562
563
565
566
568
571
572
573
575
576
577
578
580
583
584
586
587
591
592
593
594
595
597
599
600
601
602
604
605
606
607
609
613
614
615
616
618
619
621
622
623
625
626
627
630
631
638
639
640
641
642
644
645
647
648
651
652
653
654
657
658
659
661
662
663
667
669
674
675
677
678
680
681
682
683
685
687
691
694
696
698
699
701
702
703
713
714
715
716
717
718
719
721
723
725
727
729
730
731
732
733
734
735
737
741
742
743
746
749
750
753
754
755
756
758
759
760
764
765
766
770
771
773
775
776
777
778
779
785
786
787
789
794
798
799
0
0
0
0
0
0
0
0
0
