1
800
31.6809999943
193
319
741
341
360
13
656
401
141
789
520
290
67
136
708
619
679
693
197
138
9
363
723
641
111
452
316
496
291
187
775
353
276
628
153
659
748
177
416
322
373
450
382
26
196
782
385
300
162
165
0
657
422
320
668
114
86
764
480
614
180
437
117
259
358
411
459
308
685
722
1
146
207
242
655
159
293
713
208
311
768
201
620
372
309
73
103
166
212
306
648
33
85
90
666
753
799
253
357
386
696
763
462
609
128
409
601
647
174
202
730
4
709
94
288
594
742
11
109
169
336
457
599
678
732
758
92
419
421
455
503
716
27
143
170
186
205
221
241
456
606
684
17
58
168
393
412
610
616
654
658
188
326
340
371
378
383
486
523
7
19
20
21
41
65
192
220
225
243
350
356
362
425
441
506
698
734
765
780
32
42
99
100
122
124
271
402
492
495
651
665
699
760
2
48
101
105
130
133
139
144
238
498
631
635
643
705
721
14
25
45
54
61
74
140
155
163
189
214
223
226
262
273
278
280
303
307
323
329
335
337
374
379
397
442
464
471
474
494
516
539
630
645
660
661
682
714
724
725
729
740
766
774
781
796
10
29
31
34
35
39
56
62
71
72
129
145
147
151
176
182
185
211
218
257
265
281
283
285
294
298
305
310
327
330
332
342
387
398
399
400
406
431
435
439
443
467
472
485
508
512
525
526
528
533
545
611
670
702
704
749
752
769
3
5
6
8
12
15
16
18
22
23
24
28
30
36
37
38
40
43
44
46
47
49
50
51
52
53
55
57
59
60
63
64
66
68
69
70
75
76
77
78
79
80
81
82
83
84
87
88
89
91
93
95
96
97
98
102
104
106
107
108
110
112
113
115
116
118
119
120
121
123
125
126
127
131
132
134
135
137
142
148
149
150
152
154
156
157
158
160
161
164
167
171
172
173
175
178
179
181
183
184
190
191
194
195
198
199
200
203
204
206
209
210
213
215
216
217
219
222
224
227
228
229
230
231
232
233
234
235
236
237
239
240
244
245
246
247
248
249
250
251
252
254
255
256
258
260
261
263
264
266
267
268
269
270
272
274
275
277
279
282
284
286
287
289
292
295
296
297
299
301
302
304
312
313
314
315
317
318
321
324
325
328
331
333
334
338
339
343
344
345
346
347
348
349
351
352
354
355
359
361
364
365
366
367
368
369
370
375
376
377
380
381
384
388
389
390
391
392
394
395
396
403
404
405
407
408
410
413
414
415
417
418
420
423
424
426
427
428
429
430
432
433
434
436
438
440
444
445
446
447
448
449
451
453
454
458
460
461
463
465
466
468
469
470
473
475
476
477
478
479
481
482
483
484
487
488
489
490
491
493
497
499
500
501
502
504
505
507
509
510
511
513
514
515
517
518
519
521
522
524
527
529
530
531
532
534
535
536
537
538
540
541
542
543
544
546
547
548
549
550
551
552
553
554
555
556
557
558
559
560
561
562
563
564
565
566
567
568
569
570
571
572
573
574
575
576
577
578
579
580
581
582
583
584
585
586
587
588
589
590
591
592
593
595
596
597
598
600
602
603
604
605
607
608
612
613
615
617
618
621
622
623
624
625
626
627
629
632
633
634
636
637
638
639
640
642
644
646
649
650
652
653
662
663
664
667
669
671
672
673
674
675
676
677
680
681
683
686
687
688
689
690
691
692
694
695
697
700
701
703
706
707
710
711
712
715
717
718
719
720
726
727
728
731
733
735
736
737
738
739
743
744
745
746
747
750
751
754
755
756
757
759
761
762
767
770
771
772
773
776
777
778
779
784
785
786
787
788
790
791
792
793
794
795
797
798
0
