1
800
44.4179999828
22
695
11
152
759
257
367
658
300
780
414
113
29
191
711
641
603
677
84
291
156
125
44
390
315
359
250
114
363
729
151
626
600
774
692
62
494
2
224
319
668
715
449
267
402
753
369
354
452
579
210
373
103
334
275
24
235
274
1
107
523
316
97
670
9
322
763
681
567
313
651
339
205
441
657
625
187
435
155
491
197
253
34
42
689
270
633
123
706
768
178
140
686
40
405
527
723
745
101
760
20
628
37
64
136
403
608
229
340
732
201
375
153
181
212
240
343
361
627
122
277
496
177
611
194
252
309
347
563
219
314
374
433
550
632
704
141
246
392
395
784
163
634
13
164
168
185
204
320
666
746
762
143
198
280
341
350
360
469
712
740
27
83
193
213
216
245
306
644
645
699
66
67
165
172
183
296
511
538
679
74
95
145
226
282
287
312
376
422
497
671
724
741
5
51
57
76
85
135
158
243
338
346
409
421
485
504
505
598
642
663
672
3
16
17
18
53
81
106
182
203
221
231
242
371
384
454
510
534
539
605
761
0
55
58
82
89
162
273
279
288
290
388
391
426
442
492
554
569
592
636
702
725
726
778
35
46
65
70
75
100
124
134
137
174
176
251
268
295
297
303
305
325
327
328
331
333
474
480
551
593
597
621
659
685
742
773
10
12
14
23
26
41
54
68
69
87
91
96
105
108
118
127
146
149
202
214
215
222
249
259
260
276
278
317
324
336
356
358
364
396
401
404
418
423
432
455
473
477
495
502
515
519
520
526
545
547
555
557
559
578
590
631
648
682
683
684
707
716
720
728
731
747
750
756
4
6
7
8
15
19
21
25
28
30
31
32
33
36
38
39
43
45
47
48
49
50
52
56
59
60
61
63
71
72
73
77
78
79
80
86
88
90
92
93
94
98
99
102
104
109
110
111
112
115
116
117
119
120
121
126
128
129
130
131
132
133
138
139
142
144
147
148
150
154
157
159
160
161
166
167
169
170
171
173
175
179
180
184
186
188
189
190
192
195
196
199
200
206
207
208
209
211
217
218
220
223
225
227
228
230
232
233
234
236
237
238
239
241
244
247
248
254
255
256
258
261
262
263
264
265
266
269
271
272
281
283
284
285
286
289
292
293
294
298
299
301
302
304
307
308
310
311
318
321
323
326
329
330
332
335
337
342
344
345
348
349
351
352
353
355
357
362
365
366
368
370
372
377
378
379
380
381
382
383
385
386
387
389
393
394
397
398
399
400
406
407
408
410
411
412
413
415
416
417
419
420
424
425
427
428
429
430
431
434
436
437
438
439
440
443
444
445
446
447
448
450
451
453
456
457
458
459
460
461
462
463
464
465
466
467
468
470
471
472
475
476
478
479
481
482
483
484
486
487
488
489
490
493
498
499
500
501
503
506
507
508
509
512
513
514
516
517
518
521
522
524
525
528
529
530
531
532
533
535
536
537
540
541
542
543
544
546
548
549
552
553
556
558
560
561
562
564
565
566
568
570
571
572
573
574
575
576
577
580
581
582
583
584
585
586
587
588
589
591
594
595
596
599
601
602
604
606
607
609
610
612
613
614
615
616
617
618
619
620
622
623
624
629
630
635
637
638
639
640
643
646
647
649
650
652
653
654
655
656
660
661
662
664
665
667
669
673
674
675
676
678
680
687
688
690
691
693
694
696
697
698
700
701
703
705
708
709
710
713
714
717
718
719
721
722
727
730
733
734
735
736
737
738
739
743
744
748
749
751
752
754
755
757
758
764
765
766
769
770
771
775
776
777
779
782
0
0
0
0
0
0
0
0
0
0
0
0
0
0
0
0
0
0
0
