0.983597594314
0.987971569163
0.986331328595
0.984691088026
0.989065062876
0.991798797157
0.991252050301
0.995079278294
0.984691088026
0.998359759431
0.985784581739
0.987424822307
0.983597594314
0.993439037726
0.973756150902
0.986878075451
0.985784581739
0.98414434117
0.998359759431
0.986331328595
0.990705303445
0.995079278294
0.987424822307
0.98414434117
0.992345544013
0.983050847458
1.0
0.985237834882
0.982504100601
0.98414434117
0.404045926736
0.454346637507
0.452706396938
0.422635319847
0.468015308912
0.459267359213
0.389830508475
0.436303991252
0.422635319847
0.45106615637
0.462001093494
0.476216511755
0.474576271186
0.466375068343
0.486057955167
0.432476763259
0.428102788409
0.469655549481
0.506834335703
0.405686167305
0.487698195735
0.471842536905
0.443411700383
0.445598687808
0.393110989612
0.393110989612
0.423728813559
0.44231820667
0.458720612356
0.43083652269
0.831601968289
0.773646801531
0.756150902132
0.822854018589
0.776927282668
0.810278840897
0.804264625478
0.806451612903
0.784581738655
0.784581738655
0.791142700929
0.77091306725
0.763805358119
0.775833788956
0.784034991799
0.821760524877
0.81848004374
0.800984144341
0.756697648989
0.820667031165
0.799890650629
0.789502460361
0.772006560962
0.781848004374
0.828321487151
0.823400765446
0.835975943138
0.807545106616
0.776380535812
0.801530891197
0.94095133953
0.925642427556
0.908146528157
0.946418808092
0.916347731001
0.9250956807
0.926735921268
0.934937124112
0.892837616184
0.906506287589
0.939857845817
0.932203389831
0.925642427556
0.926189174412
0.919628212138
0.921815199563
0.924002186987
0.938217605249
0.930563149262
0.921268452706
0.895024603609
0.929469655549
0.90924002187
0.905959540733
0.931109896118
0.914707490432
0.902679059595
0.927829414981
0.868780754511
0.926735921268
0.964461454347
0.95243302351
0.967195188628
0.964461454347
0.961727720066
0.969382176052
0.961180973209
0.957900492072
0.961180973209
0.969928922909
0.969382176052
0.96391470749
0.965008201203
0.962821213778
0.957353745216
0.956260251504
0.971569163477
0.954620010935
0.961727720066
0.975943138327
0.966648441771
0.960634226353
0.960087479497
0.969928922909
0.957353745216
0.967195188628
0.974302897758
0.971022416621
0.960087479497
0.966101694915
0.983050847458
0.970475669765
0.977036632039
0.977036632039
0.982504100601
0.983597594314
0.97266265719
0.991798797157
0.984691088026
0.978130125752
0.984691088026
0.987971569163
0.981957353745
0.962821213778
0.980863860033
0.978130125752
0.987424822307
0.980317113177
0.981410606889
0.983050847458
0.96828868234
0.974302897758
0.975396391471
0.983597594314
0.975943138327
0.985784581739
0.970475669765
0.974302897758
0.969382176052
0.985237834882
0.981957353745
0.97977036632
0.984691088026
0.97977036632
0.985237834882
0.981410606889
0.987971569163
0.986878075451
0.986331328595
0.986331328595
0.983597594314
0.973756150902
0.984691088026
0.981957353745
0.975943138327
0.979223619464
0.99562602515
0.981957353745
0.995079278294
0.984691088026
0.984691088026
0.986331328595
0.993985784582
0.987424822307
0.985237834882
0.986878075451
0.993439037726
0.98851831602
0.979223619464
0.974302897758
0.638600328048
0.622197922362
0.62110442865
0.598687807545
0.61235647895
0.62110442865
0.582832148715
0.539639147075
0.700382722799
0.693821760525
0.73482777474
0.678512848551
0.650628758885
0.594313832695
0.617823947512
0.6167304538
0.560962274467
0.60524876982
0.645161290323
0.638600328048
0.587752870421
0.607435757244
0.590486604702
0.646801530891
0.599234554401
0.626571897212
0.635319846911
0.661563696009
0.606889010388
0.626025150355
0.907053034445
0.90924002187
0.912520503007
0.927282668125
0.899945325314
0.881355932203
0.911427009295
0.884089666484
0.915800984144
0.927829414981
0.932203389831
0.915800984144
0.913067249863
0.914160743576
0.896118097321
0.926189174412
0.913067249863
0.903225806452
0.926189174412
0.924002186987
0.921268452706
0.899945325314
0.934937124112
0.894477856752
0.876435210498
0.932203389831
0.914160743576
0.905959540733
0.915800984144
0.891744122471
0.965554948059
0.965008201203
0.964461454347
0.971022416621
0.972115910334
0.955713504647
0.966101694915
0.983597594314
0.961180973209
0.960087479497
0.971569163477
0.980317113177
0.966648441771
0.974302897758
0.966648441771
0.969928922909
0.973209404046
0.968835429196
0.974302897758
0.977036632039
0.972115910334
0.968835429196
0.968835429196
0.967741935484
0.967741935484
0.972115910334
0.972115910334
0.978676872608
0.973209404046
0.971022416621
0.821760524877
0.811919081465
0.82996172772
0.808091853472
0.81848004374
0.813559322034
0.828868234008
0.828868234008
0.830508474576
0.815199562603
0.81848004374
0.824494259158
0.825041006014
0.810825587753
0.827227993439
0.82996172772
0.831055221432
0.853471842537
0.795516675779
0.838162930563
0.819026790596
0.81410606889
0.827774740295
0.811919081465
0.809185347184
0.820120284308
0.806451612903
0.819026790596
0.819026790596
0.822307271733
0.560962274467
0.566976489885
0.535265172225
0.55768179333
0.562055768179
0.546746856206
0.569710224166
0.562055768179
0.56916347731
0.563149261892
0.556588299617
0.575177692728
0.551667577911
0.581191908147
0.559322033898
0.542919628212
0.560962274467
0.560415527611
0.559868780755
0.594313832695
0.566976489885
0.579551667578
0.579004920722
0.583925642428
0.552761071624
0.576271186441
0.560962274467
0.58064516129
0.572443958447
0.588846364133
0.55768179333
0.547293603062
0.575724439584
0.54893384363
0.562055768179
0.546746856206
0.53745215965
0.583925642428
0.520503007108
0.559322033898
0.559868780755
0.598687807545
0.542372881356
0.576271186441
0.545653362493
0.53745215965
0.562602515036
0.57353745216
0.570803717879
0.588299617277
0.55768179333
0.544013121925
0.545653362493
0.558775287042
0.55330781848
0.551120831055
0.560962274467
0.552214324768
0.55768179333
0.593767085839
0.688901038819
0.685620557682
0.688354291963
0.697648988518
0.690541279388
0.676325861126
0.688354291963
0.699289229087
0.682340076545
0.686714051394
0.681246582832
0.679059595407
0.697102241662
0.686167304538
0.699289229087
0.692728266812
0.701476216512
0.6916347731
0.686167304538
0.704756697649
0.691088026244
0.704756697649
0.68015308912
0.693275013669
0.682340076545
0.689447785675
0.68015308912
0.6916347731
0.696555494806
0.670858392564
0.244395844724
0.254784034992
0.275013668671
0.332422088573
0.232367413887
0.277200656096
0.258064516129
0.237834882449
0.252050300711
0.310005467469
0.329141607436
0.306178239475
0.266812465828
0.247676325861
0.267359212685
0.223619464188
0.276107162384
0.198469108803
0.246582832149
0.305631492619
0.315472936031
0.226899945325
0.209404045927
0.293603061782
0.334062329142
0.317659923455
0.196828868234
0.28813559322
0.313285948606
0.275013668671
0.41498086386
0.32422088573
0.350464734828
0.377255330782
0.350464734828
0.386550027337
0.382176052488
0.416621104429
0.339529797704
0.35593220339
0.301804264625
0.320393657736
0.395844723893
0.325861126299
0.381629305631
0.389283761618
0.389283761618
0.337889557135
0.329141607436
0.36741388737
0.310005467469
0.348824494259
0.365773646802
0.425915800984
0.395844723893
0.340623291416
0.33570256971
0.376708583926
0.284855112083
0.337342810279
0.418261344997
0.412247129579
0.448332422089
0.457627118644
0.410060142154
0.448879168945
0.382176052488
0.444505194095
0.425369054128
0.417714598141
0.439584472389
0.461454346638
0.468562055768
0.431383269546
0.477310005467
0.439037725533
0.438490978677
0.475669764899
0.448332422089
0.437397484964
0.479496992892
0.423728813559
0.421541826134
0.474576271186
0.488244942592
0.470749043193
0.481137233461
0.435757244396
0.376161837069
0.361946418808
0.504647348278
0.480043739748
0.541279387644
0.578458173866
0.481683980317
0.542919628212
0.587752870421
0.510661563696
0.577911427009
0.549480590487
0.560962274467
0.576271186441
0.550027337343
0.574084199016
0.534171678513
0.552214324768
0.540185893931
0.524330235101
0.569710224166
0.483870967742
0.503007107709
0.540732640787
0.549480590487
0.5330781848
0.489338436304
0.550027337343
0.493712411154
0.524330235101
0.527610716238
0.516129032258
0.678512848551
0.699835975943
0.60524876982
0.657736468015
0.68726079825
0.652268999453
0.733187534172
0.712957900492
0.70749043193
0.702569710224
0.656642974303
0.686714051394
0.693275013669
0.648988518316
0.728266812466
0.668671405139
0.646801530891
0.71186440678
0.692181519956
0.689447785675
0.708583925642
0.677419354839
0.668124658283
0.719518862767
0.606342263532
0.681246582832
0.678512848551
0.701476216512
0.730453799891
0.71186440678
0.82558775287
0.787315472936
0.729907053034
0.763805358119
0.769272826681
0.795516675779
0.789502460361
0.777474029524
0.785675232367
0.807545106616
0.800437397485
0.789502460361
0.798797156916
0.782941498086
0.7665390924
0.817933296884
0.79387643521
0.787315472936
0.798797156916
0.782941498086
0.779661016949
0.833788955714
0.807545106616
0.782941498086
0.740841990159
0.735921268453
0.799343903773
0.803171131766
0.837069436851
0.769819573537
0.99562602515
0.98851831602
0.986878075451
0.981410606889
0.986331328595
0.990158556588
0.989611809732
0.992345544013
0.986878075451
0.992345544013
0.990705303445
0.987424822307
0.995079278294
0.985237834882
0.989611809732
0.994532531438
0.990705303445
0.997813012575
0.986878075451
0.983597594314
0.990705303445
0.980317113177
0.985784581739
0.986331328595
0.986331328595
0.983050847458
0.995079278294
0.991798797157
0.990705303445
0.989065062876
0.985784581739
0.98851831602
0.985237834882
0.983597594314
0.985237834882
0.991252050301
0.996172772007
0.986878075451
0.987424822307
0.985237834882
0.990158556588
0.993439037726
0.984691088026
0.98851831602
0.983050847458
0.989065062876
0.983597594314
0.98851831602
0.987971569163
0.983597594314
0.987971569163
0.981957353745
0.992345544013
0.990158556588
0.987424822307
0.990158556588
0.986878075451
0.983050847458
0.989611809732
0.986331328595
0.967195188628
0.969382176052
0.960087479497
0.964461454347
0.966648441771
0.967741935484
0.96391470749
0.971569163477
0.967195188628
0.965008201203
0.97266265719
0.967741935484
0.969382176052
0.961727720066
0.971022416621
0.967741935484
0.971022416621
0.964461454347
0.958993985785
0.972115910334
0.847457627119
0.848004373975
0.848551120831
0.849644614543
0.86167304538
0.849644614543
0.85729907053
0.837069436851
0.857845817387
0.84581738655
0.8414434117
0.858939311099
0.836522689995
0.836522689995
0.852925095681
0.859486057955
0.8414434117
0.848551120831
0.866593767086
0.844177145981
0.62110442865
0.606889010388
0.620010934937
0.613996719519
0.606342263532
0.617823947512
0.597047566976
0.614543466375
0.605795516676
0.611262985238
0.628758884636
0.594313832695
0.603608529251
0.618917441225
0.600328048114
0.600328048114
0.613996719519
0.614543466375
0.635319846911
0.597594313833
0.388190267906
0.384909786769
0.387096774194
0.393110989612
0.412793876435
0.384363039913
0.401858939311
0.371241115364
0.411700382723
0.404045926736
0.389283761618
0.390377255331
0.379989065063
0.382176052488
0.379442318207
0.385456533625
0.406232914161
0.390377255331
0.376161837069
0.389830508475
0.293056314926
0.319300164024
0.299617277201
0.302897758338
0.314379442318
0.308911973756
0.283214871514
0.294149808639
0.299617277201
0.299070530344
0.299070530344
0.28813559322
0.302351011482
0.28813559322
0.306178239475
0.295790049207
0.29250956807
0.299617277201
0.29688354292
0.308911973756
0.198469108803
0.191908146528
0.196282121378
0.202296336796
0.169491525424
0.200656096227
0.182613449973
0.186440677966
0.183706943685
0.179879715692
0.192454893384
0.212137780208
0.199015855659
0.19026790596
0.180426462548
0.174958993986
0.20174958994
0.178239475123
0.182066703116
0.186440677966
0.153089119738
0.153089119738
0.145434663751
0.145434663751
0.15418261345
0.159103335156
0.156916347731
0.162930563149
0.159650082012
0.1498086386
0.156916347731
0.156916347731
0.15418261345
0.157463094587
0.150902132313
0.160743575724
0.150355385457
0.154729360306
0.15418261345
0.157463094587
