1
800
105.450999975
22
695
11
152
759
257
367
658
300
780
414
113
29
191
711
641
603
677
84
291
156
125
44
390
315
359
250
114
363
729
151
626
600
774
692
62
494
2
224
319
668
715
449
267
753
402
369
354
452
579
210
373
103
334
275
24
239
274
1
107
523
316
97
670
9
763
325
681
625
567
339
550
205
448
253
657
435
313
187
155
491
197
689
270
34
42
633
123
768
706
178
686
651
405
40
732
101
760
628
20
413
64
634
136
140
37
622
340
527
375
201
343
361
181
212
240
153
309
281
742
229
122
441
637
177
347
194
723
563
219
433
314
374
704
401
141
784
246
312
611
245
608
163
741
645
320
321
762
666
164
746
168
185
341
360
569
392
198
497
712
143
350
289
259
83
644
193
663
699
213
306
538
172
66
67
165
296
183
18
679
554
234
282
502
740
504
724
430
74
543
605
592
376
145
287
150
421
85
158
565
57
598
290
485
5
505
671
76
338
51
346
672
594
454
280
106
231
133
59
176
203
182
242
371
539
409
642
221
3
536
384
621
761
288
577
447
391
731
725
445
277
479
702
279
636
620
388
82
778
593
162
243
506
576
352
531
493
327
496
0
190
79
46
476
659
595
492
77
137
160
322
75
773
685
553
400
273
251
100
295
480
305
355
174
631
395
268
149
118
285
127
716
32
477
555
26
255
356
750
423
207
618
556
417
755
707
91
418
81
211
60
324
431
216
558
667
93
69
135
735
534
222
726
515
87
428
586
728
542
328
612
650
654
564
214
687
559
96
465
683
89
108
682
578
124
756
249
260
514
378
425
406
464
317
471
52
733
544
269
630
766
170
14
460
583
537
770
486
329
385
8
713
525
469
126
426
516
179
771
247
310
23
727
730
664
228
446
714
31
110
610
226
311
217
241
779
265
697
398
95
459
337
173
503
365
33
684
568
551
175
546
88
585
775
383
86
131
776
56
298
669
292
230
235
142
116
271
422
362
652
407
599
128
36
764
635
344
694
189
323
613
710
589
703
748
481
490
50
377
457
739
547
218
7
520
332
202
656
206
700
72
675
223
623
169
680
501
439
134
655
154
92
571
582
404
708
552
601
436
161
738
678
248
366
70
462
104
614
119
132
54
351
408
638
381
47
17
21
617
348
41
102
61
720
619
484
45
195
99
349
752
545
358
130
629
513
717
467
521
184
530
237
736
353
653
647
147
293
25
696
747
676
379
499
53
440
19
283
121
442
588
65
458
745
769
318
434
370
13
30
606
705
474
487
751
420
35
472
529
302
709
744
701
80
256
591
615
562
73
200
357
749
616
777
49
673
475
180
403
570
624
549
386
254
301
159
380
488
342
146
16
244
575
266
330
43
597
548
533
432
58
508
649
98
643
258
557
415
236
307
572
566
389
662
138
167
48
437
498
461
78
495
541
574
507
115
419
264
604
399
455
4
719
535
109
468
443
117
743
335
560
410
690
129
204
63
364
580
674
607
438
227
510
90
188
526
12
718
233
482
512
722
463
284
304
590
411
698
336
691
387
519
450
444
171
451
333
308
721
758
297
225
646
737
453
139
532
148
112
372
220
263
10
27
252
232
596
299
661
94
470
609
144
429
754
208
665
39
581
587
261
427
199
693
473
660
518
15
276
6
394
209
561
278
524
648
157
38
166
483
326
416
382
573
688
331
368
522
286
412
765
584
294
192
272
489
111
393
71
215
602
782
511
632
105
456
509
396
262
540
640
466
186
424
639
55
28
528
238
757
120
196
397
627
303
517
734
500
478
68
345
789
788
785
799
793
791
786
797
796
794
790
767
783
781
792
798
795
772
787
