1
800
27.2209999561
159
785
504
765
41
735
566
618
595
272
531
464
110
158
798
766
262
407
426
657
55
438
127
478
602
744
312
200
643
764
792
247
601
245
495
151
621
598
512
98
330
550
788
739
156
193
740
462
653
533
663
799
596
763
233
420
431
565
253
160
400
472
521
580
236
243
668
755
34
148
323
569
761
196
675
111
124
606
388
548
687
358
608
625
770
45
644
174
300
791
412
666
693
66
441
290
513
669
732
496
515
94
182
214
779
107
314
667
730
1
126
577
171
187
403
729
291
337
408
436
484
597
760
223
275
328
366
610
681
2
63
64
209
459
502
620
631
684
746
129
416
465
583
590
591
751
36
255
626
685
741
772
163
172
303
316
429
500
514
551
575
649
9
32
58
96
135
177
185
239
240
482
556
594
603
645
680
718
725
773
29
31
70
73
102
121
140
194
215
218
250
271
280
283
320
334
383
395
409
433
435
471
475
519
536
545
564
581
611
623
688
757
762
782
7
10
46
61
68
77
86
88
91
93
149
161
169
181
183
219
225
284
318
391
410
415
454
493
516
527
549
558
563
584
629
646
660
674
713
748
769
789
793
16
27
38
44
47
52
62
65
69
75
81
82
84
85
99
106
119
131
155
157
189
192
210
217
220
231
232
251
268
269
270
276
277
289
313
359
365
372
382
386
430
434
439
450
451
452
453
499
510
511
520
532
562
567
585
612
615
630
640
647
652
656
679
700
704
711
734
768
780
0
3
4
5
6
8
11
12
13
14
15
17
18
19
20
21
22
23
24
25
26
28
30
33
35
37
39
40
42
43
48
49
50
51
53
54
56
57
59
60
67
71
72
74
76
78
79
80
83
87
89
90
92
95
97
100
101
103
104
105
108
109
112
113
114
115
116
117
118
120
122
123
125
128
130
132
133
134
136
137
138
139
141
142
143
144
145
146
147
150
152
153
154
162
164
165
166
167
168
170
173
175
176
178
179
180
184
186
188
190
191
195
197
198
199
201
202
203
204
205
206
207
208
211
212
213
216
221
222
224
226
227
228
229
230
234
235
237
238
241
242
244
246
248
249
252
254
256
257
258
259
260
261
263
264
265
266
267
273
274
278
279
281
282
285
286
287
288
292
293
294
295
296
297
298
299
301
302
304
305
306
307
308
309
310
311
315
317
319
321
322
324
325
326
327
329
331
332
333
335
336
338
339
340
341
342
343
344
345
346
347
348
349
350
351
352
353
354
355
356
357
360
361
362
363
364
367
368
369
370
371
373
374
375
376
377
378
379
380
381
384
385
387
389
390
392
393
394
396
397
398
399
401
402
404
405
406
411
413
414
417
418
419
421
422
423
424
425
427
428
432
437
440
442
443
444
445
446
447
448
449
455
456
457
458
460
461
463
466
467
468
469
470
473
474
476
477
479
480
481
483
485
486
487
488
489
490
491
492
494
497
498
501
503
505
506
507
508
509
517
518
522
523
524
525
526
528
529
530
534
535
537
538
539
540
541
542
543
544
546
547
552
553
554
555
557
559
560
561
568
570
571
572
573
574
576
578
579
582
586
587
588
589
592
593
599
600
604
605
607
609
613
614
616
617
619
622
624
627
628
632
633
634
635
636
637
638
639
641
642
648
650
651
654
655
658
659
661
662
664
665
670
671
672
673
676
677
678
682
683
686
689
690
691
692
694
695
696
697
698
699
701
702
703
705
706
707
708
709
710
712
714
715
716
717
719
720
721
722
723
724
726
727
728
731
733
736
737
738
742
743
745
747
749
750
752
753
754
756
758
759
767
771
774
775
776
777
778
781
783
784
786
787
790
794
795
796
797
